CLOSED	5	000010010010011	0
CLOSED	5	000010010010101	0
CLOSED	5	000100010010011	0
CLOSED	5	000100010010101	0
CLOSED	5	000100100010011	0
UNKNOWN	5	000100100010101	47	47	23293,23392,23393,24193,24293,24393,32293,32392,32393,33193,33292,33293,33383,33391,33392,33393,34192,34193,34283,34292,34293,34383,34392,34393,42391,42392,42393,43291,43292,43293,43382,43383,43391,43392,43393,44192,44193,44282,44283,44291,44292,44293,44382,44383,44391,44392,44393,
CLOSED	5	000100100100011	0
UNKNOWN	5	000100100100101	38	38	23393,24293,24393,32393,33293,33383,33392,33393,34283,34292,34293,34382,34383,34392,34393,35283,35373,35383,36463,43382,43383,43391,43392,43393,44282,44283,44291,44292,44293,44382,44383,44391,44392,44393,45283,45383,46463,54383,
CLOSED	5	000100100101001	0
UNKNOWN	5	001001001001001	1181	1181	23438,24338,24339,24428,24429,24438,24439,24528,24538,24627,24628,24637,24638,24646,24647,24648,24656,25338,25428,25437,25438,25537,25627,25637,25646,25647,25656,26337,26338,26346,26356,26366,26427,26428,26436,26437,26438,26446,26447,26456,26464,26465,26466,26467,26527,26536,26537,26546,26547,26556,26564,26565,26566,26627,26636,26637,26646,26647,26656,27246,27256,27264,27265,27266,27336,27345,27346,27355,27356,27364,27365,27366,27446,27456,27464,27465,27466,27646,28244,28245,28246,28254,28264,28334,28335,28336,28343,28344,28345,28346,28354,28364,28464,29244,29334,29344,32834,33338,33339,33383,33393,33428,33429,33438,33439,33528,33537,33538,33627,33628,33636,33637,33638,33646,33647,33648,33656,33657,33726,33735,33736,33746,33756,33824,33825,33826,33833,33834,33835,33836,33846,33924,33933,33934,34283,34293,34328,34338,34339,34382,34383,34393,34428,34429,34437,34438,34439,34527,34528,34537,34538,34547,34626,34627,34628,34636,34637,34638,34646,34647,34648,34656,34657,34666,34667,35283,35337,35338,35373,35383,35428,35437,35438,35447,35466,35527,35537,35546,35547,35556,35566,35626,35627,35636,35637,35646,35647,35656,35657,35666,36264,36265,36266,36273,36283,36336,36337,36338,36346,36356,36363,36364,36365,36366,36373,36383,36427,36428,36436,36437,36438,36446,36447,36455,36456,36463,36464,36465,36466,36467,36473,36483,36527,36536,36537,36546,36547,36555,36556,36563,36564,36565,36566,36573,36626,36627,36636,36637,36645,36646,36647,36655,36656,36664,36665,36666,37246,37254,37255,37256,37263,37264,37265,37266,37335,37336,37344,37345,37346,37353,37354,37355,37356,37363,37364,37365,37366,37445,37446,37454,37455,37456,37463,37464,37465,37466,37563,37564,37565,37646,37664,38234,38243,38244,38245,38246,38253,38254,38263,38264,38333,38334,38335,38336,38343,38344,38345,38346,38353,38354,38363,38364,38463,38464,39243,39244,39333,39334,39343,39344,42646,42656,42726,42736,42746,42824,42825,42826,42833,42834,42835,42836,42846,42924,42933,42934,43283,43382,43383,43392,43393,43626,43636,43646,43656,43666,43725,43726,43734,43735,43736,43745,43746,43756,43766,43823,43824,43825,43826,43833,43834,43835,43836,43846,43924,43933,43934,44282,44283,44292,44293,44373,44382,44383,44392,44393,44446,44456,44464,44465,44466,44537,44546,44556,44564,44565,44566,44626,44627,44636,44637,44644,44645,44646,44647,44654,44655,44656,44657,44664,44665,44666,44726,44735,44736,44746,44756,45273,45282,45283,45366,45373,45374,45382,45383,45437,45446,45456,45464,45465,45466,45473,45536,45537,45546,45556,45564,45565,45566,45626,45627,45636,45637,45644,45645,45646,45647,45654,45655,45656,45657,45664,45665,45666,46246,46256,46263,46264,46265,46266,46272,46273,46274,46276,46282,46283,46336,46337,46338,46346,46355,46356,46363,46364,46365,46366,46372,46373,46374,46376,46382,46383,46426,46427,46428,46436,46437,46438,46444,46445,46446,46447,46454,46455,46456,46462,46463,46464,46465,46466,46467,46472,46473,46474,46476,46482,46483,46526,46527,46536,46537,46544,46545,46546,46547,46554,46555,46556,46562,46563,46564,46565,46566,46573,46574,46626,46627,46635,46636,46637,46644,46645,46646,46647,46654,46655,46656,46663,46664,46665,46666,46673,46726,46736,46746,47246,47256,47264,47265,47266,47336,47345,47346,47354,47355,47356,47364,47365,47366,47446,47456,47464,47465,47466,47564,47565,47646,48246,48336,48346,52646,52656,52726,52734,52735,52736,52746,52824,52833,52834,53373,53382,53383,53626,53636,53645,53646,53655,53656,53664,53665,53666,53725,53726,53733,53734,53735,53736,53744,53745,53746,53756,53824,53833,53834,54282,54283,54372,54373,54374,54382,54383,54446,54456,54464,54465,54466,54473,54546,54556,54564,54565,54566,54626,54635,54636,54644,54645,54646,54654,54655,54656,54663,54664,54665,54666,54726,54734,54735,54736,54746,54756,55273,55364,55365,55366,55372,55373,55374,55446,55456,55463,55464,55465,55466,55473,55536,55546,55556,55563,55564,55565,55566,55626,55635,55636,55644,55645,55646,55654,55655,55656,55663,55664,55665,55666,56246,56256,56263,56264,56265,56266,56272,56273,56274,56336,56337,56346,56355,56356,56363,56364,56365,56366,56372,56373,56374,56426,56436,56437,56444,56445,56446,56447,56454,56455,56456,56462,56463,56464,56465,56466,56472,56473,56474,56526,56536,56537,56544,56545,56546,56547,56554,56555,56556,56562,56563,56564,56565,56566,56573,56574,56626,56635,56636,56644,56645,56646,56654,56655,56656,56663,56664,56665,56666,57336,57346,57356,57446,57456,62464,62465,62564,62565,62634,62635,62636,62643,62644,62645,62646,62653,62654,62655,62656,62663,62664,62665,62724,62725,62726,62733,62734,62735,62736,62744,62745,62746,62764,62824,62833,62834,63363,63364,63365,63372,63373,63374,63375,63382,63383,63384,63462,63463,63464,63465,63466,63546,63554,63555,63556,63562,63563,63564,63565,63566,63626,63633,63634,63635,63636,63643,63644,63645,63646,63653,63654,63655,63656,63662,63663,63664,63665,63666,63724,63725,63726,63733,63734,63735,63736,63744,63745,63746,63764,63824,63833,63834,64264,64265,64272,64273,64274,64282,64283,64284,64362,64363,64364,64365,64366,64372,64373,64374,64375,64376,64382,64383,64384,64444,64445,64446,64454,64455,64456,64462,64463,64464,64465,64466,64472,64473,64474,64475,64536,64544,64545,64546,64553,64554,64555,64556,64562,64563,64564,64565,64566,64624,64625,64626,64627,64633,64634,64635,64636,64637,64642,64643,64644,64645,64646,64647,64652,64653,64654,64655,64656,64662,64663,64664,64665,64666,64672,64673,64674,64724,64725,64726,64733,64734,64735,64736,64744,64745,64746,64764,64824,64833,64834,65264,65265,65272,65273,65274,65362,65363,65364,65365,65366,65372,65373,65374,65375,65444,65445,65446,65454,65455,65456,65462,65463,65464,65465,65466,65472,65473,65474,65475,65536,65544,65545,65546,65553,65554,65555,65556,65562,65563,65564,65565,65566,65624,65625,65626,65633,65634,65635,65636,65642,65643,65644,65645,65646,65652,65653,65654,65655,65656,65662,65663,65664,65665,65666,65733,65734,65735,65744,65745,66263,66264,66265,66272,66273,66274,66346,66354,66355,66356,66362,66363,66364,66365,66366,66372,66373,66374,66436,66437,66444,66445,66446,66453,66454,66455,66456,66462,66463,66464,66465,66466,66472,66473,66474,66536,66544,66545,66546,66553,66554,66555,66556,66562,66563,66564,66565,66566,66634,66635,66636,66643,66644,66645,66646,66653,66654,66655,66656,66663,66664,66665,66666,66734,67264,67346,67364,67464,72462,72463,72464,72543,72553,72562,72563,72564,72633,72642,72643,72644,72646,72652,72653,72654,72662,72663,72664,73353,73362,73363,73364,73365,73443,73452,73453,73454,73462,73463,73464,73465,73466,73533,73543,73544,73552,73553,73554,73562,73563,73564,73565,73633,73642,73643,73644,73646,73652,73653,73654,73662,73663,73664,74453,74462,74463,74464,74465,74543,74553,74562,74563,74564,74565,74633,74642,74643,74644,74646,74652,74653,74654,74662,74663,74664,75633,75643,75644,75653,75654,76462,76463,76464,76643,82343,82433,82442,82443,82452,82453,82462,82463,82464,82533,82542,82543,82633,82642,82643,83333,83342,83343,83352,83353,83362,83363,83364,83432,83433,83442,83443,83452,83453,83462,83463,83464,83533,83542,83543,83633,83642,83643,84633,84642,84643,92433,92442,92443,93333,93342,93343,93433,93442,93443,
CLOSED	6	000100100101011	0
CLOSED	6	000100100101101	0
CLOSED	6	000100100110101	0
CLOSED	6	000100101010101	0
CLOSED	6	000100101011001	0
CLOSED	6	000100101101001	0
UNKNOWN	6	001001001001011	3	3	636808,646808,656808,
CLOSED	6	001001001010011	0
CLOSED	6	001001001010101	0
CLOSED	6	001001010010101	0
